image: hospital_map.pgm
resolution: 0.050000
origin: [-10.200000, -3.400000, 0.000000]
negate: 0
occupied_thresh: 0.65
free_thresh: 0.196

#origin: [-20.200000, -23.400000, 0.000000]
